   B1            1 1 540.00000        0.      0.      0.                        
   0.00070 0.17300 0.04565 0.02950                                              
        0. 0.11380      0. 0.02698                                              
        0.                                                                      
   M1            1 1 590.00000        0.      0.      0.                        
   0.00043 0.15130 0.03930 0.02470                                              
        0. 0.01314      0. 0.02627                                              
        0.                                                                      
   R1            1 1 320.00000        0.      0.      0.                        
   0.12697 0.33750 0.06414 0.03884                                              
        0. 0.02393      0. 0.05288                                              
        0.                                                                      
   A1            1 1 220.00000        0.      0.      0.                        
   0.00240 0.29900 0.10800 0.06600                                              
        0. 0.04500      0. 0.07980                                              
        0.                                                                      
   IS2           1 1        0.        0.      0.      0.                        
   .004848  2.92    0.490    0.175
        0. .13825      0.    0.322
        0.                                                                      