   I2           M2            1 1   144.200 825.000 1000.00                     
   0.01341 0.09017 0.28119                                                      
   0.05754 0.30673      0.      0.                                              
   I2           N2            1 1   10.5000 825.000 1000.00                     
   0.00098 0.00631 0.01978                                                      
   0.00419 0.02218      0.      0.                                              
   I2           R2            1 1   129.800 610.000 750.000                     
   0.01880 0.11223 0.17208                                                      
   0.05851 0.32322      0.      0.                                              
   I2           T2            1 1   24.3000 1050.00 1280.00                     
   0.00226 0.01456 0.04596                                                      
   0.00970 0.04070      0.      0.                                              
   IS2          L2            1 1   238.700 525.000 640.000                     
   0.03336 0.18165 0.36579                                                      
   0.10640 0.56606      0.      0.                                              
   IS2          TW2           1 1   224.300 1780.00 1960.00                     
   0.01625 0.13820 0.42052                                                      
   0.08487 0.51118      0.      0.                                              
   N2           T2            1 1   36.1000 1050.00 1280.00                     
   0.00336 0.02171 0.06802                                                      
   0.01441 0.07629      0.      0.                                              
   N2           M2            1 1   132.400 825.000 1000.00                     
   0.01231 0.08624 0.23473                                                      
   0.05028 0.28676      0.      0.                                              
   N2           M2            3 1   133.700 825.000 1000.00                     
   0.01233 0.08405 0.24071                                                      
   0.05291 0.28226      0.      0.                                              
   L2           R2            1 1   48.0000 525.000 640.000                     
   0.02649 0.12551 0.18426                                                      
   0.07123 0.35496      0.      0.                                              
   A2           B2            1 1   17.5000 525.000 640.000                     
   0.00326 0.01516 0.02309                                                      
   0.00861 0.04032      0.      0.                                              
   A2           L2            1 1   39.8000 525.000 640.000                     
   0.00741 0.03515 0.05146                                                      
   0.01959 0.09919      0.      0.                                              
   B2           TW2           1 1   46.1000 1050.00 1280.00                     
   0.00429 0.02935 0.08201                                                      
   0.01839 0.08604      0.      0.                                              