      10     0.1   0.628
      20     0.1   1.256
      30     0.1   1.884
      40     0.1   2.512
      50     0.1   3.140
      60     0.1   3.768
      70     0.1   4.396
      80     0.1   5.024
      90     0.1   5.652
     100     0.1   6.280
     110     0.1   6.908
     120     0.1   7.536
     130     0.1   8.164
     140     0.1   8.792
     150     0.1   9.420
     160     0.1  10.048
     170     0.1  10.676
     180     0.1  11.304
     190     0.1  11.932
     200     0.1  12.560
     210     0.1  13.188
     220     0.1  13.816
     230     0.1  14.444
     240     0.1  15.072
     250     0.1  15.700
     260     0.1  16.328
     270     0.1  16.956
     280     0.1  17.584
     290     0.1  18.212
     300     0.1  18.840
     310     0.1  19.468
     320     0.1  20.096
     330     0.1  20.724
     340     0.1  21.352
     350     0.1  21.980
     360     0.1  22.608
     370     0.1  23.236
     380     0.1  23.864
     390     0.1  24.492
     400     0.1  25.120
     410     0.1  25.748
     420     0.1  26.376
     430     0.1  27.004
     440     0.1  27.632
     450     0.1  28.260
     460     0.1  28.888
     470     0.1  29.516
     480     0.1  30.144
     490     0.1  30.772
     500     0.1  31.400
     510     0.1  32.028
     520     0.1  32.656
     530     0.1  33.284
     540     0.1  33.912
     550     0.1  34.540
     560     0.1  35.168
     570     0.1  35.796
     580     0.1  36.424
     590     0.1  37.052
     600     0.1  37.680
     610     0.1  38.308
     620     0.1  38.936
     630     0.1  39.564
     640     0.1  40.192
     650     0.1  40.820
     660     0.1  41.448
     670     0.1  42.076
     680     0.1  42.704
     690     0.1  43.332
     700     0.1  43.960
     710     0.1  44.588
     720     0.1  45.216
     730     0.1  45.844
     740     0.1  46.472
     750     0.1  47.100
     760     0.1  47.728
     770     0.1  48.356
     780     0.1  48.984
     790     0.1  49.612
     800     0.1  50.240
     810     0.1  50.868
     820     0.1  51.496
     830     0.1  52.124
     840     0.1  52.752
     850     0.1  53.380
     860     0.1  54.008
     870     0.1  54.636
     880     0.1  55.264
     890     0.1  55.892
     900     0.1  56.520
     910     0.1  57.148
     920     0.1  57.776
     930     0.1  58.404
     940     0.1  59.032
     950     0.1  59.660
     960     0.1  60.288
     970     0.1  60.916
     980     0.1  61.544
     990     0.1  62.172
    1000     0.1  62.800
    1010     0.1  63.428
    1020     0.1  64.056
    1030     0.1  64.684
    1040     0.1  65.312
    1050     0.1  65.940
    1060     0.1  66.568
    1070     0.1  67.196
    1080     0.1  67.824
    1090     0.1  68.452
    1100     0.1  69.080
    1110     0.1  69.708
    1120     0.1  70.336
    1130     0.1  70.964
    1140     0.1  71.592
    1150     0.1  72.220
    1160     0.1  72.848
    1170     0.1  73.476
    1180     0.1  74.104
    1190     0.1  74.732
    1200     0.1  75.360
    1210     0.1  75.988
    1220     0.1  76.616
    1230     0.1  77.244
    1240     0.1  77.872
    1250     0.1  78.500
    1260     0.1  79.128
    1270     0.1  79.756
    1280     0.1  80.384
    1290     0.1  81.012
    1300     0.1  81.640
    1310     0.1  82.268
    1320     0.1  82.896
    1330     0.1  83.524
    1340     0.1  84.152
    1350     0.1  84.780
    1360     0.1  85.408
    1370     0.1  86.036
    1380     0.1  86.664
    1390     0.1  87.292
    1400     0.1  87.920
    1410     0.1  88.548
    1420     0.1  89.176
    1430     0.1  89.804
    1440     0.1  90.432
    1450     0.1  91.060
    1460     0.1  91.688
    1470     0.1  92.316
    1480     0.1  92.944
    1490     0.1  93.572
    1500     0.1  94.200
    1510     0.1  94.828
    1520     0.1  95.456
    1530     0.1  96.084
    1540     0.1  96.712
    1550     0.1  97.340
    1560     0.1  97.968
    1570     0.1  98.596
    1580     0.1  99.224
    1590     0.1  99.852
    1600     0.1 100.480
    1610     0.1 101.108
    1620     0.1 101.736
    1630     0.1 102.364
    1640     0.1 102.992
    1650     0.1 103.620
    1660     0.1 104.248
    1670     0.1 104.876
    1680     0.1 105.504
    1690     0.1 106.132
    1700     0.1 106.760
    1710     0.1 107.388
    1720     0.1 108.016
    1730     0.1 108.644
    1740     0.1 109.272
    1750     0.1 109.900
    1760     0.1 110.528
    1770     0.1 111.156
    1780     0.1 111.784
    1790     0.1 112.412
    1800     0.1 113.040
    1810     0.1 113.668
    1820     0.1 114.296
    1830     0.1 114.924
    1840     0.1 115.552
    1850     0.1 116.180
    1860     0.1 116.808
    1870     0.1 117.436
    1880     0.1 118.064
    1890     0.1 118.692
    1900     0.1 119.320
    1910     0.1 119.948
    1920     0.1 120.576
    1930     0.1 121.204
    1940     0.1 121.832
    1950     0.1 122.460
    1960     0.1 123.088
    1970     0.1 123.716
    1980     0.1 124.344
    1990     0.1 124.972
    2000     0.1 125.600
    2010     0.1 126.228
    2020     0.1 126.856
    2030     0.1 127.484
    2040     0.1 128.112
    2050     0.1 128.740
    2060     0.1 129.368
    2070     0.1 129.996
    2080     0.1 130.624
    2090     0.1 131.252
    2100     0.1 131.880
    2110     0.1 132.508
    2120     0.1 133.136
    2130     0.1 133.764
    2140     0.1 134.392
    2150     0.1 135.020
    2160     0.1 135.648
    2170     0.1 136.276
    2180     0.1 136.904
    2190     0.1 137.532
    2200     0.1 138.160
    2210     0.1 138.788
    2220     0.1 139.416
    2230     0.1 140.044
    2240     0.1 140.672
    2250     0.1 141.300
    2260     0.1 141.928
    2270     0.1 142.556
    2280     0.1 143.184
    2290     0.1 143.812
    2300     0.1 144.440
    2310     0.1 145.068
    2320     0.1 145.696
    2330     0.1 146.324
    2340     0.1 146.952
    2350     0.1 147.580
    2360     0.1 148.208
    2370     0.1 148.836
    2380     0.1 149.464
    2390     0.1 150.092
    2400     0.1 150.720
    2410     0.1 151.348
    2420     0.1 151.976
    2430     0.1 152.604
    2440     0.1 153.232
    2450     0.1 153.860
    2460     0.1 154.488
    2470     0.1 155.116
    2480     0.1 155.744
    2490     0.1 156.372
    2500     0.1 157.000